Timestamp[us],Slope,VBUS Voltage[V],VBUS Current[A],VBUS Wattage[W]
1.057,2.0,5.076,0.011,0.056
1.076,5.0,5.076,0.01,0.051
1.088,8.0,5.072,0.016,0.081
1.098,11.0,5.076,0.017,0.086
1.108,14.0,5.072,0.017,0.086
1.117,16.0,5.072,0.017,0.086
1.126,19.0,5.076,0.018,0.091
1.137,21.0,5.072,0.015,0.076
1.146,24.0,5.072,0.016,0.081
1.155,26.0,5.076,0.015,0.076
1.164,29.0,5.076,0.016,0.081
1.174,31.0,5.072,0.017,0.086
1.183,33.0,5.072,0.016,0.081
1.193,35.0,5.076,0.016,0.081
1.203,38.0,5.072,0.017,0.086
1.213,40.0,5.076,0.016,0.081
1.222,42.0,5.072,0.017,0.086
1.231,43.0,5.072,0.019,0.096
1.241,45.0,9.104,0.031,0.282
1.25,50.0,9.104,0.032,0.291
1.259,54.0,9.104,0.03,0.273
1.268,58.0,9.104,0.032,0.291
1.325,62.0,9.104,0.032,0.291
1.334,65.0,9.1,0.031,0.282
1.344,69.0,9.104,0.031,0.282
1.353,73.0,9.104,0.031,0.282
1.362,76.0,9.1,0.031,0.282
1.371,79.0,9.104,0.031,0.282
1.38,83.0,9.1,0.03,0.273
1.391,86.0,9.1,0.032,0.291
1.4,89.0,9.104,0.032,0.291
1.409,92.0,9.072,0.982,8.909
1.419,94.0,9.076,0.985,8.94
1.429,97.0,9.076,0.981,8.904
1.438,100.0,9.076,0.979,8.885
1.448,102.0,9.072,0.98,8.891
1.458,105.0,9.076,0.984,8.931
1.467,107.0,9.076,0.959,8.704
1.476,109.0,9.076,0.96,8.713
1.486,111.0,9.076,0.96,8.713
1.495,113.0,9.08,0.96,8.717
1.504,115.0,9.076,0.962,8.731
1.515,116.0,9.076,0.961,8.722
1.525,118.0,9.076,0.96,8.713
1.534,120.0,9.076,0.959,8.704
1.543,121.0,9.076,0.959,8.704
1.553,122.0,9.076,0.959,8.704
1.563,123.0,9.076,0.948,8.604
1.571,125.0,9.08,0.938,8.517
1.58,125.0,9.076,0.938,8.513
1.59,126.0,9.076,0.939,8.522
1.6,127.0,9.076,0.938,8.513
1.608,128.0,9.076,0.937,8.504
1.617,128.0,9.076,0.941,8.541
1.628,129.0,9.076,0.936,8.495
1.637,129.0,9.076,0.938,8.513
1.646,129.0,9.076,0.936,8.495
1.655,129.0,9.076,0.94,8.531
1.665,129.0,9.076,0.917,8.323
1.675,129.0,9.08,0.919,8.345
1.684,129.0,9.076,0.919,8.341
1.694,129.0,9.076,0.916,8.314
1.704,128.0,9.076,0.916,8.314
1.713,128.0,9.072,0.92,8.346
1.722,127.0,9.076,0.916,8.314
1.732,126.0,9.076,0.914,8.295
1.741,125.0,9.076,0.916,8.314
1.75,124.0,9.076,0.915,8.305
1.76,123.0,9.076,0.896,8.132
1.777,122.0,9.076,0.894,8.114
1.786,121.0,9.08,0.896,8.136
1.796,119.0,9.076,0.896,8.132
1.808,118.0,9.08,0.897,8.145
1.817,116.0,9.076,0.895,8.123
1.826,115.0,9.076,0.895,8.123
1.836,113.0,9.076,0.894,8.114
1.846,111.0,9.076,0.895,8.123
1.856,109.0,9.08,0.872,7.918
1.865,107.0,9.08,0.873,7.927
1.876,104.0,9.076,0.872,7.914
1.885,102.0,9.08,0.872,7.918
1.894,99.0,9.076,0.872,7.914
1.904,97.0,9.076,0.873,7.923
1.914,94.0,9.076,0.873,7.923
1.923,91.0,9.076,0.872,7.914
1.932,88.0,9.08,0.871,7.909
1.942,85.0,9.08,0.871,7.909
1.952,82.0,9.08,0.85,7.718
1.961,79.0,9.08,0.849,7.709
1.969,76.0,9.076,0.849,7.706
1.978,72.0,9.08,0.849,7.709
1.99,69.0,9.076,0.85,7.715
2.0,65.0,9.08,0.851,7.727
2.009,61.0,9.08,0.851,7.727
2.019,57.0,9.08,0.85,7.718
2.029,53.0,9.08,0.849,7.709
2.038,49.0,9.08,0.851,7.727
2.048,45.0,9.08,0.83,7.536
2.058,41.0,9.08,0.829,7.527
2.069,36.0,9.08,0.829,7.527
2.078,35.0,9.08,0.829,7.527
2.088,33.0,9.08,0.829,7.527
2.099,32.0,9.08,0.829,7.527
2.109,30.0,9.08,0.828,7.518
2.118,28.0,9.08,0.828,7.518
2.127,27.0,9.08,0.828,7.518
2.137,25.0,9.08,0.828,7.518
2.147,23.0,9.084,0.807,7.331
2.159,21.0,9.08,0.807,7.328
2.168,19.0,9.084,0.807,7.331
2.178,17.0,9.08,0.808,7.337
2.188,15.0,9.08,0.808,7.337
2.201,13.0,9.08,0.807,7.328
2.211,11.0,9.08,0.807,7.328
2.222,9.0,9.08,0.808,7.337
2.235,6.0,9.08,0.807,7.328
2.245,4.0,9.08,0.786,7.137
2.255,2.0,9.08,0.784,7.119
